 
*RST;*CLS
:SOURCE:POW -50
:SOURCE:FREQ 145.525 MHz
:SOURCE:DM:SOURCE DLIS
:SOURCE:DM:DLIST:SEL 'DMR TONE'
:SOURCE:DM:DLIST:DATA 0,0,0,0,0,0,0,0,0,0,0,0,1,1,0,0,1,1,1,0,1,0,1,0,1,0,0,0,1,1,1,1,1,1,1,0,1,0,0,0,0,0,1,1,1,0,1,0,1,1,0,0,1,1,0,0,0,1,0,0,0,1,0,1,1,0,0,0,0,0,1,0,0,0,0,0,0,0,0,0,1,0,1,0,1,1,0,0,1,1,1,0,1,0,1,0,1,0,0,0,1,1,1,1,1,1,1,0,1,0,0,0,0,0,1,1,1,0,1,0,0,1,1,1,1,1,1,1,0,1,1,1,1,1,0,1,0,1,0,1,1,1,0,1,1,1,0,1,0,1,0,1,0,1,1,1,1,1,0,1,1,1,1,1,1,1,0,1,1,1,0,0,1,1,0,0,0,1,0,0,0,1,0,1,1,0,0,0,0,0,1,0,0,0,0,0,0,0,0,0,1,0,1,0,1,1,0,0,1,1,1,0,1,0,1,0,1,0,0,0,1,1,1,1,1,1,1,0,1,0,0,0,0,0,1,1,1,0,1,0,1,1,0,0,1,1,0,0,0,1,0,0,0,1,0,1,1,0,0,0,0,0,1,0,0,0,0,0,0,0,0,0,1,0,1,0,0,0,0,0,0,0,0,0,0,0,0,0,0,0,0,0,0,0,0,0,0,0,0,0,1,1,0,0,1,1,1,0,1,0,1,0,1,0,0,0,1,1,1,1,1,1,1,0,1,0,0,0,0,0,1,1,1,0,1,0,1,1,0,0,1,1,0,0,0,1,0,0,0,1,0,1,1,0,0,0,0,0,1,0,0,0,0,0,0,0,0,0,1,0,1,0,1,1,0,0,1,1,1,0,1,0,1,0,1,0,0,0,1,1,1,1,1,1,1,0,1,0,0,0,0,0,1,1,1,0,1,0,0,1,1,1,1,1,1,1,0,1,1,1,1,1,0,1,0,1,0,1,1,1,0,1,1,1,0,1,0,1,0,1,0,1,1,1,1,1,0,1,1,1,1,1,1,1,0,1,1,1,0,0,1,1,0,0,0,1,0,0,0,1,0,1,1,0,0,0,0,0,1,0,0,0,0,0,0,0,0,0,1,0,1,0,1,1,0,0,1,1,1,0,1,0,1,0,1,0,0,0,1,1,1,1,1,1,1,0,1,0,0,0,0,0,1,1,1,0,1,0,1,1,0,0,1,1,0,0,0,1,0,0,0,1,0,1,1,0,0,0,0,0,1,0,0,0,0,0,0,0,0,0,1,0,1,0,0,0,0,0,0,0,0,0,0,0,0,0
:SOURCE:DM:DLIST:DATA:APPEND 0,0,0,0,0,0,0,0,0,0,0,0,1,1,0,0,1,1,1,0,1,0,1,0,1,0,0,0,1,1,1,1,1,1,1,0,1,0,0,0,0,0,1,1,1,0,1,0,1,1,0,0,1,1,0,0,0,1,0,0,0,1,0,1,1,0,0,0,0,0,1,0,0,0,0,0,0,0,0,0,1,0,1,0,1,1,0,0,1,1,1,0,1,0,1,0,1,0,0,0,1,1,1,1,1,1,1,0,1,0,0,0,0,0,1,1,1,0,1,0,0,0,0,1,0,0,1,1,0,0,0,0,0,0,0,0,0,0,0,0,0,0,0,0,0,0,0,0,1,0,0,1,0,0,0,0,0,0,0,0,1,0,0,1,0,0,0,1,1,1,0,0,1,1,0,0,0,1,0,0,0,1,0,1,1,0,0,0,0,0,1,0,0,0,0,0,0,0,0,0,1,0,1,0,1,1,0,0,1,1,1,0,1,0,1,0,1,0,0,0,1,1,1,1,1,1,1,0,1,0,0,0,0,0,1,1,1,0,1,0,1,1,0,0,1,1,0,0,0,1,0,0,0,1,0,1,1,0,0,0,0,0,1,0,0,0,0,0,0,0,0,0,1,0,1,0,0,0,0,0,0,0,0,0,0,0,0,0,0,0,0,0,0,0,0,0,0,0,0,0,1,1,0,0,1,1,1,0,1,0,1,0,1,0,0,0,1,1,1,1,1,1,1,0,1,0,0,0,0,0,1,1,1,0,1,0,1,1,0,0,1,1,0,0,0,1,0,0,0,1,0,1,1,0,0,0,0,0,1,0,0,0,0,0,0,0,0,0,1,0,1,0,1,1,0,0,1,1,1,0,1,0,1,0,1,0,0,0,1,1,1,1,1,1,1,0,1,0,0,0,0,0,1,1,1,0,1,0,0,0,0,1,0,0,1,1,0,0,0,0,0,0,0,0,0,0,0,0,0,0,0,0,0,0,0,0,1,0,0,1,0,0,0,0,0,0,0,0,1,0,0,1,0,0,0,1,1,1,0,0,1,1,0,0,0,1,0,0,0,1,0,1,1,0,0,0,0,0,1,0,0,0,0,0,0,0,0,0,1,0,1,0,1,1,0,0,1,1,1,0,1,0,1,0,1,0,0,0,1,1,1,1,1,1,1,0,1,0,0,0,0,0,1,1,1,0,1,0,1,1,0,0,1,1,0,0,0,1,0,0,0,1,0,1,1,0,0,0,0,0,1,0,0,0,0,0,0,0,0,0,1,0,1,0,0,0,0,0,0,0,0,0,0,0,0,0
:SOURCE:DM:DLIST:DATA:APPEND 0,0,0,0,0,0,0,0,0,0,0,0,1,1,0,0,1,1,1,0,1,0,1,0,1,0,0,0,1,1,1,1,1,1,1,0,1,0,0,0,0,0,1,1,1,0,1,0,1,1,0,0,1,1,0,0,0,1,0,0,0,1,0,1,1,0,0,0,0,0,1,0,0,0,0,0,0,0,0,0,1,0,1,0,1,1,0,0,1,1,1,0,1,0,1,0,1,0,0,0,1,1,1,1,1,1,1,0,1,0,0,0,0,0,1,1,1,0,1,0,0,0,0,1,0,1,1,1,0,0,0,0,0,0,0,0,0,0,0,0,1,0,0,1,0,0,0,0,0,0,0,0,0,0,0,0,0,0,0,0,0,1,1,1,0,1,0,0,1,1,0,0,1,1,0,0,0,1,0,0,0,1,0,1,1,0,0,0,0,0,1,0,0,0,0,0,0,0,0,0,1,0,1,0,1,1,0,0,1,1,1,0,1,0,1,0,1,0,0,0,1,1,1,1,1,1,1,0,1,0,0,0,0,0,1,1,1,0,1,0,1,1,0,0,1,1,0,0,0,1,0,0,0,1,0,1,1,0,0,0,0,0,1,0,0,0,0,0,0,0,0,0,1,0,1,0,0,0,0,0,0,0,0,0,0,0,0,0,0,0,0,0,0,0,0,0,0,0,0,0,1,1,0,0,1,1,1,0,1,0,1,0,1,0,0,0,1,1,1,1,1,1,1,0,1,0,0,0,0,0,1,1,1,0,1,0,1,1,0,0,1,1,0,0,0,1,0,0,0,1,0,1,1,0,0,0,0,0,1,0,0,0,0,0,0,0,0,0,1,0,1,0,1,1,0,0,1,1,1,0,1,0,1,0,1,0,0,0,1,1,1,1,1,1,1,0,1,0,0,0,0,0,1,1,1,0,1,0,0,0,0,1,0,1,1,1,0,0,0,0,0,0,0,0,0,0,0,0,1,0,0,1,0,0,0,0,0,0,0,0,0,0,0,0,0,0,0,0,0,1,1,1,0,1,0,0,1,1,0,0,1,1,0,0,0,1,0,0,0,1,0,1,1,0,0,0,0,0,1,0,0,0,0,0,0,0,0,0,1,0,1,0,1,1,0,0,1,1,1,0,1,0,1,0,1,0,0,0,1,1,1,1,1,1,1,0,1,0,0,0,0,0,1,1,1,0,1,0,1,1,0,0,1,1,0,0,0,1,0,0,0,1,0,1,1,0,0,0,0,0,1,0,0,0,0,0,0,0,0,0,1,0,1,0,0,0,0,0,0,0,0,0,0,0,0,0
:SOURCE:DM:DLIST:DATA:APPEND 0,0,0,0,0,0,0,0,0,0,0,0,1,1,0,0,1,1,1,0,1,0,1,0,1,0,0,0,1,1,1,1,1,1,1,0,1,0,0,0,0,0,1,1,1,0,1,0,1,1,0,0,1,1,0,0,0,1,0,0,0,1,0,1,1,0,0,0,0,0,1,0,0,0,0,0,0,0,0,0,1,0,1,0,1,1,0,0,1,1,1,0,1,0,1,0,1,0,0,0,1,1,1,1,1,1,1,0,1,0,0,0,0,0,1,1,1,0,1,0,0,0,0,1,0,1,1,1,0,0,0,0,0,0,0,0,0,0,0,0,0,0,1,1,0,0,0,1,0,1,0,0,0,0,0,0,0,0,0,0,0,1,1,1,0,1,0,0,1,1,0,0,1,1,0,0,0,1,0,0,0,1,0,1,1,0,0,0,0,0,1,0,0,0,0,0,0,0,0,0,1,0,1,0,1,1,0,0,1,1,1,0,1,0,1,0,1,0,0,0,1,1,1,1,1,1,1,0,1,0,0,0,0,0,1,1,1,0,1,0,1,1,0,0,1,1,0,0,0,1,0,0,0,1,0,1,1,0,0,0,0,0,1,0,0,0,0,0,0,0,0,0,1,0,1,0,0,0,0,0,0,0,0,0,0,0,0,0,0,0,0,0,0,0,0,0,0,0,0,0,1,1,0,0,1,1,1,0,1,0,1,0,1,0,0,0,1,1,1,1,1,1,1,0,1,0,0,0,0,0,1,1,1,0,1,0,1,1,0,0,1,1,0,0,0,1,0,0,0,1,0,1,1,0,0,0,0,0,1,0,0,0,0,0,0,0,0,0,1,0,1,0,1,1,0,0,1,1,1,0,1,0,1,0,1,0,0,0,1,1,1,1,1,1,1,0,1,0,0,0,0,0,1,1,1,0,1,0,0,0,0,1,0,1,1,1,0,0,0,0,0,0,0,0,0,0,0,0,0,0,1,1,0,0,0,1,0,1,0,0,0,0,0,0,0,0,0,0,0,1,1,1,0,1,0,0,1,1,0,0,1,1,0,0,0,1,0,0,0,1,0,1,1,0,0,0,0,0,1,0,0,0,0,0,0,0,0,0,1,0,1,0,1,1,0,0,1,1,1,0,1,0,1,0,1,0,0,0,1,1,1,1,1,1,1,0,1,0,0,0,0,0,1,1,1,0,1,0,1,1,0,0,1,1,0,0,0,1,0,0,0,1,0,1,1,0,0,0,0,0,1,0,0,0,0,0,0,0,0,0,1,0,1,0,0,0,0,0,0,0,0,0,0,0,0,0
:SOURCE:DM:DLIST:DATA:APPEND 0,0,0,0,0,0,0,0,0,0,0,0,1,1,0,0,1,1,1,0,1,0,1,0,1,0,0,0,1,1,1,1,1,1,1,0,1,0,0,0,0,0,1,1,1,0,1,0,1,1,0,0,1,1,0,0,0,1,0,0,0,1,0,1,1,0,0,0,0,0,1,0,0,0,0,0,0,0,0,0,1,0,1,0,1,1,0,0,1,1,1,0,1,0,1,0,1,0,0,0,1,1,1,1,1,1,1,0,1,0,0,0,0,0,1,1,1,0,1,0,0,0,0,1,0,1,0,1,0,0,0,0,1,0,1,0,0,0,0,1,0,1,1,1,0,0,0,1,1,1,0,1,0,0,0,1,0,1,1,1,0,0,0,0,0,1,1,1,1,1,0,0,1,1,0,0,0,1,0,0,0,1,0,1,1,0,0,0,0,0,1,0,0,0,0,0,0,0,0,0,1,0,1,0,1,1,0,0,1,1,1,0,1,0,1,0,1,0,0,0,1,1,1,1,1,1,1,0,1,0,0,0,0,0,1,1,1,0,1,0,1,1,0,0,1,1,0,0,0,1,0,0,0,1,0,1,1,0,0,0,0,0,1,0,0,0,0,0,0,0,0,0,1,0,1,0,0,0,0,0,0,0,0,0,0,0,0,0,0,0,0,0,0,0,0,0,0,0,0,0,1,1,0,0,1,1,1,0,1,0,1,0,1,0,0,0,1,1,1,1,1,1,1,0,1,0,0,0,0,0,1,1,1,0,1,0,1,1,0,0,1,1,0,0,0,1,0,0,0,1,0,1,1,0,0,0,0,0,1,0,0,0,0,0,0,0,0,0,1,0,1,0,1,1,0,0,1,1,1,0,1,0,1,0,1,0,0,0,1,1,1,1,1,1,1,0,1,0,0,0,0,0,1,1,1,0,1,0,0,0,0,1,0,1,0,1,0,0,0,0,1,0,1,0,0,0,0,1,0,1,1,1,0,0,0,1,1,1,0,1,0,0,0,1,0,1,1,1,0,0,0,0,0,1,1,1,1,1,0,0,1,1,0,0,0,1,0,0,0,1,0,1,1,0,0,0,0,0,1,0,0,0,0,0,0,0,0,0,1,0,1,0,1,1,0,0,1,1,1,0,1,0,1,0,1,0,0,0,1,1,1,1,1,1,1,0,1,0,0,0,0,0,1,1,1,0,1,0,1,1,0,0,1,1,0,0,0,1,0,0,0,1,0,1,1,0,0,0,0,0,1,0,0,0,0,0,0,0,0,0,1,0,1,0,0,0,0,0,0,0,0,0,0,0,0,0
:SOURCE:DM:DLIST:DATA:APPEND 0,0,0,0,0,0,0,0,0,0,0,0,1,1,0,0,1,1,1,0,1,0,1,0,1,0,0,0,1,1,1,1,1,1,1,0,1,0,0,0,0,0,1,1,1,0,1,0,1,1,0,0,1,1,0,0,0,1,0,0,0,1,0,1,1,0,0,0,0,0,1,0,0,0,0,0,0,0,0,0,1,0,1,0,1,1,0,0,1,1,1,0,1,0,1,0,1,0,0,0,1,1,1,1,1,1,1,0,1,0,0,0,0,0,1,1,1,0,1,0,0,0,0,1,0,0,0,1,0,0,0,0,0,0,0,0,0,0,0,0,0,0,0,0,0,0,0,0,0,0,0,0,0,0,0,0,0,0,0,0,1,1,1,0,0,0,1,0,1,1,0,0,1,1,0,0,0,1,0,0,0,1,0,1,1,0,0,0,0,0,1,0,0,0,0,0,0,0,0,0,1,0,1,0,1,1,0,0,1,1,1,0,1,0,1,0,1,0,0,0,1,1,1,1,1,1,1,0,1,0,0,0,0,0,1,1,1,0,1,0,1,1,0,0,1,1,0,0,0,1,0,0,0,1,0,1,1,0,0,0,0,0,1,0,0,0,0,0,0,0,0,0,1,0,1,0,0,0,0,0,0,0,0,0,0,0,0,0,0,0,0,0,0,0,0,0,0,0,0,0,1,1,0,0,1,1,1,0,1,0,1,0,1,0,0,0,1,1,1,1,1,1,1,0,1,0,0,0,0,0,1,1,1,0,1,0,1,1,0,0,1,1,0,0,0,1,0,0,0,1,0,1,1,0,0,0,0,0,1,0,0,0,0,0,0,0,0,0,1,0,1,0,1,1,0,0,1,1,1,0,1,0,1,0,1,0,0,0,1,1,1,1,1,1,1,0,1,0,0,0,0,0,1,1,1,0,1,0,0,0,0,1,0,0,0,1,0,0,0,0,0,0,0,0,0,0,0,0,0,0,0,0,0,0,0,0,0,0,0,0,0,0,0,0,0,0,0,0,1,1,1,0,0,0,1,0,1,1,0,0,1,1,0,0,0,1,0,0,0,1,0,1,1,0,0,0,0,0,1,0,0,0,0,0,0,0,0,0,1,0,1,0,1,1,0,0,1,1,1,0,1,0,1,0,1,0,0,0,1,1,1,1,1,1,1,0,1,0,0,0,0,0,1,1,1,0,1,0,1,1,0,0,1,1,0,0,0,1,0,0,0,1,0,1,1,0,0,0,0,0,1,0,0,0,0,0,0,0,0,0,1,0,1,0,0,0,0,0,0,0,0,0,0,0,0,0
:SOURCE:DM:CLIS:CONTROL:STATE ON
:SOURCE:DM:CLIS:SELECT 'ETSI DMR'
:SOURCE:DM:FORMAT AFSK4
:SOURCE:DM:FSK:DEVIATION 1944
:SOURCE:DM:SRATE 4800.000
:SOURCE:DM:PRAMP:SOURCE CLIST
:SOURCE:DM:PRAMP:TIME 3.5
:SOURCE:DM:PRAMP:STATE ON
:SOURCE:DM:STATE ON
:OUTPUT:STATE ON
